1993,33991 55,66164
1993,56910 53,00009
1993,74777 116,69157
1994,08032 118,23909
1994,42887 134,36876
1994,78539 160,20454
1995,15681 152,94369
1995,46448 158,94092
1995,82099 159,72951
1996,09142 168,75003
1996,36184 207,43174
1996,58011 194,82696
1996,74989 343,99112
1996,97423 331,62054
1997,34408 995,96795
1997,65910 1121,21384
1997,88857 1265,92177
1998,32633 1248,12905
1998,68285 1238,28439
1998,92902 1240,12433
1999,32839 1994,22859
1999,68046 2155,06972
1999,97173 2182,53463
2000,36621 2265,65864
2000,56852 2142,77976
2000,74719 4657,48936
2000,97840 4447,60616
2001,34826 6809,02617
2001,70478 6748,63631
2001,94003 6700,71029
2002,33051 33611,81595
2002,68703 33313,70978
2002,96698 32971,59037
2003,36126 33845,51934
2003,72263 33545,34044
2004,02545 32371,01288
2004,39686 33912,58970
2004,58846 31548,53804
2004,75962 65693,91706
2004,98258 63206,18576
2005,32576 128144,08545
2005,55010 123811,22169
2005,76231 263685,25585
2006,11086 252768,84879
2006,44342 265672,02096
2006,79791 265518,66285
2007,16933 254634,35234
2007,45760 262838,33982
2007,74661 453665,03973
2007,97782 431367,00572
2008,34768 965310,62846
2008,70420 1013284,79999
2009,01040 998845,16859
2009,38329 1041761,61391
2009,58580 973466,75282
2009,76648 1655599,34937
2010,11504 1580116,71701
